V1 = [
    0 0 0
    1 0 0
    1 1 0
    0 1 0
    0 0 1 
    1 0 1
    1 1 1
    0 1 1];

F1 = [1 4 5 8
    1 2 3 4
    1 2 5 6
    2 3 6 7
    3 4 7 8
    5 6 7 8
    ];
 
 V2 = [   
     3 3 2
     5 3 2
 4 5 2 
4 4 4
];

F2 = [      1     2     3
    1 2  4
    1 3 4
    2 3 4 
];


 V3 = [   
 1 1 1
 2 1 1
 2 2 1
1 2 1
1 1 2
2 1 2
2 2 2 
1 2 2
];

F3 = [1 4 5 8
    1 2 3 4
    1 2 5 6
    2 3 6 7
    3 4 7 8
    5 6 7 8
];